% MOC Input: input001.moc
% Created: 29-May-2014 14:54:07
%
*CONSTITUENTS
NMATS=2
MAT=1,CMOD=1
EA=231000000000
ET=15000000000
NUA=0.497
NUT=0.140
GA=5010000000
GT=24000000000
%
MAT=2,CMOD=2
E=3000000000
NU=0.360
%
*CELL
AMOD=2
VF=0.750
DF=0.000005000
%
*LOADING
LMOD=1
NL=2
L=0.00100,0.00200,
%
*END