% MOC Input: input002.moc
% Created: 03-Jun-2014 11:05:36
%
*CONSTITUENTS
NMATS=2
MAT=1,CMOD=1
EA=231000000000
ET=15000000000
NUA=0.497
NUT=0.140
GA=5010000000
GT=24000000000
%
MAT=2,CMOD=2
E=3000000000
NU=0.360
%
*CELL
AMOD=4
DIM=2,2,
H=1.000000,1.000000,
L=1.000000,1.000000,
SM=1,2,2,2,
%
*LOADING
LMOD=1
NL=2
L=0.00100,0.00200,
%
*END