% MOC Input: input000.moc
% Created: 03-Jun-2014 16:15:28
%
*CONSTITUENTS
NMATS=2
MAT=1,CMOD=1
EA=2.310e+11
ET=1.500e+10
NUA=0.497
NUT=0.140
GA=5.010e+09
GT=2.400e+10
%
MAT=2,CMOD=2
E=3.000e+09
NU=0.360
%
*CELL
AMOD=4
DIM=2,2,
H=1.000e+00,1.000e+00,
L=1.000e+00,1.000e+00,
SM=1,2,2,2,
%
*LOADING
LMOD=1
NL=2
L=0.00100,0.00200,
%
*END